e=2.7182818284590452353602874713527;
R1= 25;
R2 = 25000;
R3 = 25000;
C1 = 170*10^-6;
C2 = 170*10^-6;
%L = 2000*10^-3;
L=2;