R1 = 100000
R2 = 400000
R3 = 13000

C1 = 4700*10^-6 
C2 = 3300*10^-6 

L = 0.1
